
NtrkOffline,  v2,  stat.err,  sys.err  
PbPb, v22:
6.967   0.04862   0.004403   0.001459
14.22   0.05233   0.001615   0.00157
24.3   0.05476   0.001056   0.001643
34.34   0.05762   0.0007978   0.001729
44.37   0.06139   0.0006379   0.001842
54.39   0.06476   0.0005337   0.001943
69.1   0.07128   0.0002986   0.002138
89.21   0.07666   0.000239   0.0023
109.3   0.08179   0.0001984   0.002454
134.1   0.08609   0.0001364   0.002583
166.5   0.09026   0.0001058   0.002708
201.6   0.09364   9.088e-05   0.002809
229.4   0.09594   0.0001086   0.002878
249.4   0.09672   0.0001023   0.002902
269.4   0.09802   9.647e-05   0.002941
289.4   0.09909   9.123e-05   0.002973
309.4   0.0999   8.688e-05   0.002997
334.3   0.1005   6.729e-05   0.003015

PbPb, v22, peripheral subtraction:
24.3   0.03562   0.002246
34.34   0.04343   0.001494
44.37   0.05024   0.001111
54.39   0.05565   0.0008841
69.1   0.06457   0.0005586
89.21   0.07154   0.0004248
109.3   0.07768   0.0003413
134.1   0.08279   0.0002575
166.5   0.08759   0.0002047
201.6   0.09143   0.0001702
229.4   0.09398   0.0001683
249.4   0.09489   0.0001576
269.4   0.09633   0.0001469
289.4   0.09751   0.0001375
309.4   0.09839   0.0001311
334.3   0.09913   0.0001118

PbPb, v24:
34.34   0.0398   0.01727   0.001194
44.37   0.05425   0.005501   0.001627
54.39   0.05399   0.004521   0.00162
69.11   0.05996   0.001912   0.001799
89.21   0.0641   0.001249   0.001923
109.3   0.06684   0.0009372   0.002005
134.1   0.07102   0.0005783   0.002131
166.5   0.07426   0.0004147   0.002228
201.6   0.07692   0.000347   0.002308
229.4   0.07842   0.0004179   0.002353
249.4   0.08031   0.0003848   0.002409
269.4   0.08057   0.000382   0.002417
289.4   0.08251   0.0003449   0.002475
309.4   0.08261   0.0003349   0.002478
334.3   0.08355   0.0002693   0.002507

pPb, v22:
6.917   0.05367   0.001655   0.002093
14.37   0.05428   0.0006222   0.002117
24.41   0.05379   0.0003994   0.002098
34.39   0.05501   0.0002977   0.002145
44.36   0.05651   0.0002436   0.002204
54.33   0.05814   0.0002135   0.002267
68.63   0.06038   0.0001381   0.002355
88.39   0.0629   0.0001397   0.002453
108.2   0.06421   0.0001624   0.002504
131.3   0.06633   4.268e-05   0.002587
162.1   0.06777   3.212e-05   0.002643
196.6   0.06887   2.831e-05   0.002686
227.5   0.06927   4.645e-05   0.00381
247.2   0.0697   8.416e-05   0.003833
267.1   0.06977   0.0001636   0.005163
287   0.06896   0.0003366   0.005103
306.8   0.06706   0.000741   0.004962
328.6   0.06621   0.00147   0.0049

pPb, v22, peripheral subtraction:
24.41   0.03175   0.000973
34.39   0.03825   0.0006441
44.36   0.04299   0.000488
54.33   0.04683   0.0003991
68.63   0.05128   0.0002845
88.39   0.05569   0.0002399
108.2   0.05821   0.0002327
131.3   0.06133   0.000131
162.1   0.06364   0.0001061
196.6   0.06537   8.969e-05
227.5   0.06618   8.881e-05
247.2   0.06684   0.0001114
267.1   0.06707   0.0001821
287   0.0664   0.000355
306.8   0.06455   0.0007721
328.6   0.06365   0.00153

pPb, v24:
44.36   0.02965   0.005967   0.003173
54.33   0.03913   0.004262   0.004187
68.63   0.04832   0.001496   0.003093
88.39   0.04941   0.001351   0.003162
108.2   0.04822   0.001599   0.001977
131.3   0.04955   0.0003922   0.002032
162.1   0.049   0.0003065   0.002009
196.6   0.04805   0.0002939   0.00197
227.5   0.04709   0.0004568   0.002637
247.2   0.04665   0.0008684   0.002612
269.2   0.04772   0.001471   0.003579
301.2   0.04797   0.004329   0.003598



PbPb, fluctuation:
34.34   0.5971   0.3092   0.02526
44.37   0.3339   0.1476   0.01413
54.39   0.4011   0.1   0.01697
69.11   0.3883   0.03866   0.01642
89.21   0.3971   0.02342   0.0168
109.3   0.423   0.0158   0.01789
134.1   0.4133   0.00946   0.01748
166.5   0.4163   0.006451   0.01761
201.6   0.4178   0.005209   0.01767
229.4   0.4239   0.006067   0.01793
249.4   0.4061   0.005749   0.01718
269.4   0.4179   0.005506   0.01768
289.4   0.4027   0.005071   0.01703
309.4   0.4108   0.004804   0.01738
334.3   0.4042   0.00388   0.0171


pPb, fluctuation:
54.33   0.6135   0.07622   0.06994
68.63   0.4681   0.03157   0.03511
88.39   0.4866   0.0266   0.03649
108.2   0.528   0.02904   0.0301
131.3   0.5326   0.006855   0.03036
162.1   0.5598   0.005052   0.03191
196.6   0.5875   0.004596   0.03349
227.5   0.6065   0.006931   0.04731
247.2   0.6174   0.01291   0.04816
268.1   0.6021   0.0223   0.05961
301.1   0.5799   0.06911   0.05741


